0 0.1 0.4 0.3 
1 0.13 0.38 0.28 
2 0.128 0.374 0.274 
3 0.1274 0.3744 0.2744 
4 0.12744 0.37452 0.27452 
5 0.127452 0.374512 0.274512 
6 0.1274512 0.3745096 0.2745096 
7 0.12745096 0.37450976 0.27450976 
8 0.127450976 0.374509808 0.274509808 
9 0.1274509808 0.3745098048 0.2745098048 
10 0.12745098048 0.37450980384 0.27450980384 
11 0.127450980384 0.374509803904 0.274509803904 
12 0.12745098039 0.374509803923 0.274509803923 
13 0.127450980392 0.374509803922 0.274509803922 
14 0.127450980392 0.374509803922 0.274509803922 
15 0.127450980392 0.374509803922 0.274509803922 
16 0.127450980392 0.374509803922 0.274509803922 
17 0.127450980392 0.374509803922 0.274509803922 
18 0.127450980392 0.374509803922 0.274509803922 
19 0.127450980392 0.374509803922 0.274509803922 
20 0.127450980392 0.374509803922 0.274509803922 
21 0.127450980392 0.374509803922 0.274509803922 
22 0.127450980392 0.374509803922 0.274509803922 
23 0.127450980392 0.374509803922 0.274509803922 
24 0.127450980392 0.374509803922 0.274509803922 
